service_id,date,exception_type
1,20200101,1
26,20200101,1
53,20200101,1
2,20200102,1
27,20200102,1
54,20200102,1
3,20200103,1
28,20200103,1
55,20200103,1
4,20200104,1
29,20200104,1
56,20200104,1
4,20200105,1
30,20200105,1
56,20200105,1
5,20200106,1
31,20200106,1
53,20200106,1
2,20200107,1
27,20200107,1
54,20200107,1
6,20200108,1
27,20200108,1
54,20200108,1
6,20200109,1
27,20200109,1
54,20200109,1
7,20200110,1
32,20200110,1
55,20200110,1
4,20200111,1
29,20200111,1
56,20200111,1
5,20200112,1
33,20200112,1
53,20200112,1
6,20200113,1
27,20200113,1
54,20200113,1
6,20200114,1
27,20200114,1
54,20200114,1
6,20200115,1
27,20200115,1
54,20200115,1
6,20200116,1
27,20200116,1
54,20200116,1
7,20200117,1
32,20200117,1
55,20200117,1
4,20200118,1
29,20200118,1
56,20200118,1
5,20200119,1
33,20200119,1
53,20200119,1
6,20200120,1
27,20200120,1
54,20200120,1
6,20200121,1
27,20200121,1
54,20200121,1
6,20200122,1
27,20200122,1
54,20200122,1
6,20200123,1
27,20200123,1
54,20200123,1
7,20200124,1
28,20200124,1
55,20200124,1
4,20200125,1
29,20200125,1
56,20200125,1
5,20200126,1
31,20200126,1
53,20200126,1
6,20200127,1
27,20200127,1
54,20200127,1
6,20200128,1
27,20200128,1
54,20200128,1
6,20200129,1
27,20200129,1
54,20200129,1
6,20200130,1
27,20200130,1
54,20200130,1
7,20200131,1
34,20200131,1
55,20200131,1
4,20200201,1
30,20200201,1
56,20200201,1
5,20200202,1
31,20200202,1
53,20200202,1
6,20200203,1
27,20200203,1
54,20200203,1
6,20200204,1
27,20200204,1
54,20200204,1
6,20200205,1
27,20200205,1
54,20200205,1
6,20200206,1
27,20200206,1
54,20200206,1
7,20200207,1
35,20200207,1
55,20200207,1
4,20200208,1
36,20200208,1
56,20200208,1
5,20200209,1
37,20200209,1
53,20200209,1
6,20200210,1
38,20200210,1
54,20200210,1
6,20200211,1
27,20200211,1
54,20200211,1
6,20200212,1
27,20200212,1
54,20200212,1
6,20200213,1
27,20200213,1
54,20200213,1
8,20200214,1
28,20200214,1
55,20200214,1
9,20200215,1
30,20200215,1
56,20200215,1
10,20200216,1
31,20200216,1
53,20200216,1
11,20200217,1
27,20200217,1
54,20200217,1
6,20200218,1
27,20200218,1
54,20200218,1
6,20200219,1
27,20200219,1
54,20200219,1
6,20200220,1
27,20200220,1
54,20200220,1
7,20200221,1
28,20200221,1
55,20200221,1
4,20200222,1
30,20200222,1
56,20200222,1
5,20200223,1
31,20200223,1
53,20200223,1
6,20200224,1
27,20200224,1
54,20200224,1
6,20200225,1
27,20200225,1
54,20200225,1
6,20200226,1
27,20200226,1
54,20200226,1
6,20200227,1
27,20200227,1
54,20200227,1
7,20200228,1
28,20200228,1
55,20200228,1
4,20200229,1
30,20200229,1
56,20200229,1
5,20200301,1
31,20200301,1
53,20200301,1
6,20200302,1
27,20200302,1
54,20200302,1
6,20200303,1
27,20200303,1
54,20200303,1
6,20200304,1
27,20200304,1
54,20200304,1
6,20200305,1
27,20200305,1
54,20200305,1
7,20200306,1
28,20200306,1
55,20200306,1
4,20200307,1
30,20200307,1
56,20200307,1
5,20200308,1
31,20200308,1
53,20200308,1
6,20200309,1
27,20200309,1
54,20200309,1
6,20200310,1
27,20200310,1
54,20200310,1
6,20200311,1
27,20200311,1
54,20200311,1
6,20200312,1
27,20200312,1
54,20200312,1
7,20200313,1
28,20200313,1
55,20200313,1
4,20200314,1
30,20200314,1
56,20200314,1
5,20200315,1
31,20200315,1
53,20200315,1
2,20200316,1
39,20200316,1
54,20200316,1
12,20200317,1
40,20200317,1
54,20200317,1
13,20200318,1
40,20200318,1
54,20200318,1
13,20200319,1
40,20200319,1
54,20200319,1
13,20200320,1
40,20200320,1
55,20200320,1
14,20200321,1
31,20200321,1
56,20200321,1
14,20200322,1
31,20200322,1
53,20200322,1
13,20200323,1
40,20200323,1
54,20200323,1
13,20200324,1
40,20200324,1
54,20200324,1
13,20200325,1
40,20200325,1
54,20200325,1
13,20200326,1
40,20200326,1
54,20200326,1
13,20200327,1
40,20200327,1
55,20200327,1
15,20200328,1
41,20200328,1
56,20200328,1
15,20200329,1
41,20200329,1
53,20200329,1
16,20200330,1
41,20200330,1
54,20200330,1
16,20200331,1
41,20200331,1
54,20200331,1
16,20200401,1
41,20200401,1
54,20200401,1
16,20200402,1
41,20200402,1
54,20200402,1
16,20200403,1
41,20200403,1
55,20200403,1
15,20200404,1
41,20200404,1
56,20200404,1
15,20200405,1
41,20200405,1
53,20200405,1
16,20200406,1
41,20200406,1
54,20200406,1
16,20200407,1
41,20200407,1
54,20200407,1
16,20200408,1
41,20200408,1
54,20200408,1
16,20200409,1
41,20200409,1
55,20200409,1
15,20200410,1
41,20200410,1
56,20200410,1
15,20200411,1
41,20200411,1
56,20200411,1
4,20200412,1
41,20200412,1
56,20200412,1
5,20200413,1
41,20200413,1
53,20200413,1
6,20200414,1
41,20200414,1
54,20200414,1
6,20200415,1
39,20200415,1
54,20200415,1
6,20200416,1
39,20200416,1
54,20200416,1
7,20200417,1
42,20200417,1
55,20200417,1
4,20200418,1
30,20200418,1
56,20200418,1
5,20200419,1
31,20200419,1
53,20200419,1
6,20200420,1
39,20200420,1
54,20200420,1
6,20200421,1
39,20200421,1
54,20200421,1
6,20200422,1
39,20200422,1
54,20200422,1
6,20200423,1
39,20200423,1
54,20200423,1
7,20200424,1
42,20200424,1
55,20200424,1
4,20200425,1
30,20200425,1
56,20200425,1
5,20200426,1
31,20200426,1
53,20200426,1
6,20200427,1
39,20200427,1
54,20200427,1
6,20200428,1
39,20200428,1
54,20200428,1
6,20200429,1
39,20200429,1
54,20200429,1
7,20200430,1
42,20200430,1
55,20200430,1
4,20200501,1
30,20200501,1
56,20200501,1
4,20200502,1
30,20200502,1
56,20200502,1
5,20200503,1
31,20200503,1
53,20200503,1
6,20200504,1
39,20200504,1
54,20200504,1
6,20200505,1
39,20200505,1
54,20200505,1
6,20200506,1
39,20200506,1
54,20200506,1
6,20200507,1
39,20200507,1
54,20200507,1
7,20200508,1
42,20200508,1
55,20200508,1
4,20200509,1
30,20200509,1
56,20200509,1
5,20200510,1
31,20200510,1
53,20200510,1
6,20200511,1
39,20200511,1
54,20200511,1
6,20200512,1
39,20200512,1
54,20200512,1
6,20200513,1
39,20200513,1
54,20200513,1
6,20200514,1
39,20200514,1
54,20200514,1
7,20200515,1
42,20200515,1
55,20200515,1
4,20200516,1
30,20200516,1
56,20200516,1
5,20200517,1
31,20200517,1
53,20200517,1
6,20200518,1
39,20200518,1
54,20200518,1
6,20200519,1
39,20200519,1
54,20200519,1
6,20200520,1
39,20200520,1
54,20200520,1
6,20200521,1
39,20200521,1
54,20200521,1
7,20200522,1
42,20200522,1
55,20200522,1
4,20200523,1
30,20200523,1
56,20200523,1
5,20200524,1
31,20200524,1
53,20200524,1
6,20200525,1
39,20200525,1
54,20200525,1
6,20200526,1
39,20200526,1
54,20200526,1
6,20200527,1
39,20200527,1
54,20200527,1
6,20200528,1
39,20200528,1
54,20200528,1
7,20200529,1
42,20200529,1
55,20200529,1
4,20200530,1
30,20200530,1
56,20200530,1
4,20200531,1
30,20200531,1
56,20200531,1
12,20200601,1
39,20200601,1
57,20200601,1
6,20200602,1
39,20200602,1
54,20200602,1
6,20200603,1
39,20200603,1
54,20200603,1
6,20200604,1
39,20200604,1
54,20200604,1
7,20200605,1
42,20200605,1
55,20200605,1
4,20200606,1
30,20200606,1
56,20200606,1
5,20200607,1
31,20200607,1
53,20200607,1
6,20200608,1
39,20200608,1
54,20200608,1
6,20200609,1
39,20200609,1
54,20200609,1
6,20200610,1
39,20200610,1
54,20200610,1
6,20200611,1
39,20200611,1
54,20200611,1
7,20200612,1
42,20200612,1
55,20200612,1
4,20200613,1
30,20200613,1
56,20200613,1
5,20200614,1
31,20200614,1
53,20200614,1
6,20200615,1
39,20200615,1
54,20200615,1
6,20200616,1
39,20200616,1
54,20200616,1
6,20200617,1
39,20200617,1
54,20200617,1
6,20200618,1
39,20200618,1
54,20200618,1
7,20200619,1
42,20200619,1
55,20200619,1
4,20200620,1
30,20200620,1
56,20200620,1
5,20200621,1
31,20200621,1
53,20200621,1
2,20200622,1
39,20200622,1
54,20200622,1
3,20200623,1
42,20200623,1
55,20200623,1
5,20200624,1
31,20200624,1
53,20200624,1
2,20200625,1
39,20200625,1
54,20200625,1
3,20200626,1
42,20200626,1
55,20200626,1
4,20200627,1
30,20200627,1
56,20200627,1
5,20200628,1
31,20200628,1
53,20200628,1
2,20200629,1
39,20200629,1
54,20200629,1
2,20200630,1
39,20200630,1
54,20200630,1
2,20200701,1
39,20200701,1
54,20200701,1
2,20200702,1
39,20200702,1
54,20200702,1
3,20200703,1
42,20200703,1
55,20200703,1
4,20200704,1
30,20200704,1
56,20200704,1
5,20200705,1
31,20200705,1
53,20200705,1
2,20200706,1
39,20200706,1
54,20200706,1
2,20200707,1
39,20200707,1
54,20200707,1
2,20200708,1
39,20200708,1
54,20200708,1
2,20200709,1
39,20200709,1
54,20200709,1
3,20200710,1
42,20200710,1
55,20200710,1
4,20200711,1
30,20200711,1
56,20200711,1
5,20200712,1
31,20200712,1
53,20200712,1
2,20200713,1
39,20200713,1
54,20200713,1
2,20200714,1
39,20200714,1
54,20200714,1
2,20200715,1
39,20200715,1
54,20200715,1
2,20200716,1
39,20200716,1
54,20200716,1
3,20200717,1
42,20200717,1
55,20200717,1
4,20200718,1
30,20200718,1
56,20200718,1
5,20200719,1
31,20200719,1
53,20200719,1
2,20200720,1
39,20200720,1
54,20200720,1
2,20200721,1
39,20200721,1
54,20200721,1
2,20200722,1
39,20200722,1
54,20200722,1
2,20200723,1
39,20200723,1
54,20200723,1
3,20200724,1
42,20200724,1
55,20200724,1
4,20200725,1
30,20200725,1
56,20200725,1
5,20200726,1
31,20200726,1
53,20200726,1
2,20200727,1
39,20200727,1
54,20200727,1
2,20200728,1
39,20200728,1
54,20200728,1
2,20200729,1
39,20200729,1
54,20200729,1
2,20200730,1
39,20200730,1
54,20200730,1
3,20200731,1
42,20200731,1
55,20200731,1
4,20200801,1
30,20200801,1
58,20200801,1
5,20200802,1
31,20200802,1
59,20200802,1
17,20200803,1
40,20200803,1
60,20200803,1
17,20200804,1
40,20200804,1
60,20200804,1
17,20200805,1
40,20200805,1
60,20200805,1
17,20200806,1
40,20200806,1
60,20200806,1
18,20200807,1
43,20200807,1
61,20200807,1
4,20200808,1
30,20200808,1
58,20200808,1
5,20200809,1
31,20200809,1
59,20200809,1
12,20200810,1
40,20200810,1
57,20200810,1
12,20200811,1
40,20200811,1
57,20200811,1
12,20200812,1
40,20200812,1
57,20200812,1
12,20200813,1
40,20200813,1
57,20200813,1
19,20200814,1
43,20200814,1
62,20200814,1
4,20200815,1
30,20200815,1
58,20200815,1
5,20200816,1
31,20200816,1
59,20200816,1
12,20200817,1
40,20200817,1
57,20200817,1
12,20200818,1
40,20200818,1
57,20200818,1
12,20200819,1
40,20200819,1
57,20200819,1
12,20200820,1
40,20200820,1
57,20200820,1
19,20200821,1
43,20200821,1
62,20200821,1
4,20200822,1
30,20200822,1
58,20200822,1
5,20200823,1
31,20200823,1
59,20200823,1
17,20200824,1
40,20200824,1
60,20200824,1
17,20200825,1
40,20200825,1
60,20200825,1
17,20200826,1
40,20200826,1
60,20200826,1
17,20200827,1
40,20200827,1
60,20200827,1
18,20200828,1
43,20200828,1
61,20200828,1
4,20200829,1
30,20200829,1
58,20200829,1
5,20200830,1
31,20200830,1
59,20200830,1
2,20200831,1
39,20200831,1
54,20200831,1
2,20200901,1
39,20200901,1
54,20200901,1
2,20200902,1
39,20200902,1
54,20200902,1
2,20200903,1
39,20200903,1
54,20200903,1
3,20200904,1
42,20200904,1
55,20200904,1
4,20200905,1
30,20200905,1
56,20200905,1
5,20200906,1
31,20200906,1
53,20200906,1
2,20200907,1
39,20200907,1
54,20200907,1
2,20200908,1
39,20200908,1
54,20200908,1
2,20200909,1
39,20200909,1
54,20200909,1
3,20200910,1
42,20200910,1
55,20200910,1
4,20200911,1
42,20200911,1
56,20200911,1
4,20200912,1
30,20200912,1
56,20200912,1
5,20200913,1
31,20200913,1
53,20200913,1
6,20200914,1
39,20200914,1
54,20200914,1
6,20200915,1
39,20200915,1
54,20200915,1
6,20200916,1
39,20200916,1
54,20200916,1
6,20200917,1
39,20200917,1
54,20200917,1
7,20200918,1
42,20200918,1
55,20200918,1
4,20200919,1
30,20200919,1
56,20200919,1
5,20200920,1
31,20200920,1
53,20200920,1
6,20200921,1
39,20200921,1
54,20200921,1
6,20200922,1
39,20200922,1
54,20200922,1
20,20200923,1
42,20200923,1
55,20200923,1
21,20200924,1
39,20200924,1
57,20200924,1
20,20200925,1
42,20200925,1
55,20200925,1
22,20200926,1
30,20200926,1
56,20200926,1
23,20200927,1
31,20200927,1
53,20200927,1
6,20200928,1
39,20200928,1
54,20200928,1
6,20200929,1
39,20200929,1
54,20200929,1
6,20200930,1
39,20200930,1
54,20200930,1
6,20201001,1
39,20201001,1
54,20201001,1
7,20201002,1
42,20201002,1
55,20201002,1
4,20201003,1
30,20201003,1
56,20201003,1
5,20201004,1
31,20201004,1
53,20201004,1
6,20201005,1
39,20201005,1
54,20201005,1
6,20201006,1
39,20201006,1
54,20201006,1
6,20201007,1
39,20201007,1
54,20201007,1
6,20201008,1
39,20201008,1
54,20201008,1
7,20201009,1
42,20201009,1
55,20201009,1
4,20201010,1
30,20201010,1
56,20201010,1
4,20201011,1
30,20201011,1
56,20201011,1
5,20201012,1
31,20201012,1
53,20201012,1
6,20201013,1
39,20201013,1
54,20201013,1
6,20201014,1
39,20201014,1
54,20201014,1
6,20201015,1
39,20201015,1
54,20201015,1
7,20201016,1
42,20201016,1
55,20201016,1
4,20201017,1
30,20201017,1
56,20201017,1
5,20201018,1
31,20201018,1
53,20201018,1
6,20201019,1
39,20201019,1
54,20201019,1
6,20201020,1
39,20201020,1
54,20201020,1
6,20201021,1
39,20201021,1
54,20201021,1
6,20201022,1
39,20201022,1
54,20201022,1
7,20201023,1
42,20201023,1
55,20201023,1
4,20201024,1
30,20201024,1
56,20201024,1
5,20201025,1
31,20201025,1
53,20201025,1
6,20201026,1
39,20201026,1
54,20201026,1
6,20201027,1
39,20201027,1
54,20201027,1
6,20201028,1
39,20201028,1
54,20201028,1
6,20201029,1
39,20201029,1
54,20201029,1
7,20201030,1
42,20201030,1
55,20201030,1
4,20201031,1
30,20201031,1
56,20201031,1
5,20201101,1
31,20201101,1
53,20201101,1
6,20201102,1
39,20201102,1
54,20201102,1
6,20201103,1
39,20201103,1
54,20201103,1
6,20201104,1
39,20201104,1
54,20201104,1
6,20201105,1
39,20201105,1
54,20201105,1
7,20201106,1
42,20201106,1
55,20201106,1
4,20201107,1
30,20201107,1
56,20201107,1
5,20201108,1
31,20201108,1
53,20201108,1
6,20201109,1
39,20201109,1
54,20201109,1
6,20201110,1
39,20201110,1
54,20201110,1
6,20201111,1
39,20201111,1
54,20201111,1
6,20201112,1
39,20201112,1
54,20201112,1
7,20201113,1
42,20201113,1
55,20201113,1
4,20201114,1
30,20201114,1
56,20201114,1
5,20201115,1
31,20201115,1
53,20201115,1
6,20201116,1
39,20201116,1
54,20201116,1
6,20201117,1
39,20201117,1
54,20201117,1
6,20201118,1
39,20201118,1
54,20201118,1
6,20201119,1
39,20201119,1
54,20201119,1
7,20201120,1
42,20201120,1
55,20201120,1
4,20201121,1
30,20201121,1
56,20201121,1
5,20201122,1
31,20201122,1
53,20201122,1
6,20201123,1
39,20201123,1
54,20201123,1
6,20201124,1
39,20201124,1
54,20201124,1
6,20201125,1
39,20201125,1
54,20201125,1
6,20201126,1
39,20201126,1
54,20201126,1
7,20201127,1
42,20201127,1
55,20201127,1
4,20201128,1
30,20201128,1
56,20201128,1
5,20201129,1
31,20201129,1
53,20201129,1
6,20201130,1
39,20201130,1
54,20201130,1
6,20201201,1
39,20201201,1
54,20201201,1
6,20201202,1
39,20201202,1
54,20201202,1
6,20201203,1
39,20201203,1
54,20201203,1
7,20201204,1
42,20201204,1
55,20201204,1
4,20201205,1
30,20201205,1
56,20201205,1
5,20201206,1
31,20201206,1
53,20201206,1
7,20201207,1
42,20201207,1
55,20201207,1
5,20201208,1
31,20201208,1
53,20201208,1
6,20201209,1
39,20201209,1
54,20201209,1
6,20201210,1
39,20201210,1
54,20201210,1
7,20201211,1
42,20201211,1
55,20201211,1
4,20201212,1
30,20201212,1
56,20201212,1
5,20201213,1
31,20201213,1
53,20201213,1
6,20201214,1
39,20201214,1
54,20201214,1
6,20201215,1
39,20201215,1
54,20201215,1
6,20201216,1
39,20201216,1
54,20201216,1
6,20201217,1
39,20201217,1
54,20201217,1
7,20201218,1
42,20201218,1
55,20201218,1
4,20201219,1
30,20201219,1
56,20201219,1
5,20201220,1
31,20201220,1
53,20201220,1
6,20201221,1
39,20201221,1
54,20201221,1
6,20201222,1
39,20201222,1
54,20201222,1
2,20201223,1
39,20201223,1
54,20201223,1
24,20201224,1
42,20201224,1
55,20201224,1
4,20201225,1
30,20201225,1
56,20201225,1
4,20201226,1
30,20201226,1
56,20201226,1
5,20201227,1
31,20201227,1
53,20201227,1
2,20201228,1
39,20201228,1
54,20201228,1
2,20201229,1
39,20201229,1
54,20201229,1
2,20201230,1
39,20201230,1
54,20201230,1
25,20201231,1
42,20201231,1
55,20201231,1
44,20180101,1
48,20180101,1
45,20180102,1
49,20180102,1
45,20180103,1
49,20180103,1
45,20180104,1
49,20180104,1
46,20180105,1
50,20180105,1
44,20180106,1
48,20180106,1
44,20180107,1
48,20180107,1
45,20180108,1
49,20180108,1
45,20180109,1
49,20180109,1
45,20180110,1
49,20180110,1
45,20180111,1
49,20180111,1
46,20180112,1
50,20180112,1
47,20180113,1
48,20180113,1
44,20180114,1
48,20180114,1
45,20180115,1
49,20180115,1
45,20180116,1
49,20180116,1
45,20180117,1
49,20180117,1
45,20180118,1
49,20180118,1
46,20180119,1
50,20180119,1
47,20180120,1
48,20180120,1
44,20180121,1
48,20180121,1
45,20180122,1
49,20180122,1
45,20180123,1
49,20180123,1
45,20180124,1
49,20180124,1
45,20180125,1
49,20180125,1
46,20180126,1
50,20180126,1
47,20180127,1
48,20180127,1
44,20180128,1
48,20180128,1
45,20180129,1
49,20180129,1
45,20180130,1
49,20180130,1
45,20180131,1
49,20180131,1
45,20180201,1
49,20180201,1
46,20180202,1
50,20180202,1
47,20180203,1
48,20180203,1
44,20180204,1
48,20180204,1
45,20180205,1
49,20180205,1
45,20180206,1
49,20180206,1
45,20180207,1
49,20180207,1
45,20180208,1
49,20180208,1
46,20180209,1
50,20180209,1
47,20180210,1
48,20180210,1
44,20180211,1
48,20180211,1
45,20180212,1
49,20180212,1
45,20180213,1
49,20180213,1
45,20180214,1
49,20180214,1
45,20180215,1
49,20180215,1
46,20180216,1
50,20180216,1
47,20180217,1
48,20180217,1
44,20180218,1
48,20180218,1
45,20180219,1
49,20180219,1
45,20180220,1
49,20180220,1
45,20180221,1
49,20180221,1
45,20180222,1
49,20180222,1
46,20180223,1
50,20180223,1
47,20180224,1
48,20180224,1
44,20180225,1
48,20180225,1
45,20180226,1
49,20180226,1
45,20180227,1
49,20180227,1
45,20180228,1
49,20180228,1
45,20180301,1
49,20180301,1
46,20180302,1
50,20180302,1
47,20180303,1
48,20180303,1
44,20180304,1
48,20180304,1
45,20180305,1
49,20180305,1
45,20180306,1
49,20180306,1
45,20180307,1
49,20180307,1
45,20180308,1
49,20180308,1
46,20180309,1
50,20180309,1
47,20180310,1
48,20180310,1
44,20180311,1
48,20180311,1
45,20180312,1
49,20180312,1
45,20180313,1
49,20180313,1
45,20180314,1
49,20180314,1
45,20180315,1
49,20180315,1
46,20180316,1
50,20180316,1
47,20180317,1
48,20180317,1
44,20180318,1
48,20180318,1
45,20180319,1
49,20180319,1
45,20180320,1
49,20180320,1
45,20180321,1
49,20180321,1
45,20180322,1
49,20180322,1
46,20180323,1
50,20180323,1
47,20180324,1
51,20180324,1
44,20180325,1
51,20180325,1
45,20180326,1
51,20180326,1
45,20180327,1
51,20180327,1
45,20180328,1
51,20180328,1
45,20180329,1
51,20180329,1
44,20180330,1
51,20180330,1
47,20180331,1
51,20180331,1
44,20180401,1
51,20180401,1
44,20180402,1
51,20180402,1
45,20180403,1
52,20180403,1
45,20180404,1
52,20180404,1
45,20180405,1
52,20180405,1
46,20180406,1
52,20180406,1
47,20180407,1
51,20180407,1
44,20180408,1
51,20180408,1
45,20180409,1
52,20180409,1
45,20180410,1
52,20180410,1
45,20180411,1
52,20180411,1
45,20180412,1
52,20180412,1
46,20180413,1
52,20180413,1
47,20180414,1
51,20180414,1
44,20180415,1
51,20180415,1
45,20180416,1
52,20180416,1
45,20180417,1
52,20180417,1
45,20180418,1
52,20180418,1
45,20180419,1
52,20180419,1
46,20180420,1
52,20180420,1
47,20180421,1
51,20180421,1
44,20180422,1
51,20180422,1
45,20180423,1
52,20180423,1
45,20180424,1
52,20180424,1
45,20180425,1
52,20180425,1
45,20180426,1
52,20180426,1
46,20180427,1
51,20180427,1
47,20180428,1
51,20180428,1
44,20180429,1
51,20180429,1
45,20180430,1
51,20180430,1
44,20180501,1
51,20180501,1
45,20180502,1
52,20180502,1
45,20180503,1
52,20180503,1
46,20180504,1
52,20180504,1
47,20180505,1
51,20180505,1
44,20180506,1
51,20180506,1
45,20180507,1
52,20180507,1
45,20180508,1
52,20180508,1
45,20180509,1
52,20180509,1
45,20180510,1
52,20180510,1
44,20180511,1
52,20180511,1
47,20180512,1
51,20180512,1
44,20180513,1
51,20180513,1
45,20180514,1
52,20180514,1
45,20180515,1
52,20180515,1
45,20180516,1
52,20180516,1
45,20180517,1
52,20180517,1
46,20180518,1
52,20180518,1
47,20180519,1
51,20180519,1
44,20180520,1
51,20180520,1
45,20180521,1
51,20180521,1
45,20180522,1
52,20180522,1
45,20180523,1
52,20180523,1
45,20180524,1
52,20180524,1
46,20180525,1
52,20180525,1
47,20180526,1
51,20180526,1
44,20180527,1
51,20180527,1
45,20180528,1
52,20180528,1
45,20180529,1
52,20180529,1
45,20180530,1
52,20180530,1
45,20180531,1
52,20180531,1
46,20180601,1
52,20180601,1
47,20180602,1
51,20180602,1
44,20180603,1
51,20180603,1
45,20180604,1
52,20180604,1
45,20180605,1
52,20180605,1
45,20180606,1
52,20180606,1
45,20180607,1
52,20180607,1
46,20180608,1
52,20180608,1
47,20180609,1
51,20180609,1
44,20180610,1
51,20180610,1
45,20180611,1
52,20180611,1
45,20180612,1
52,20180612,1
45,20180613,1
52,20180613,1
45,20180614,1
52,20180614,1
46,20180615,1
52,20180615,1
47,20180616,1
51,20180616,1
44,20180617,1
51,20180617,1
45,20180618,1
52,20180618,1
45,20180619,1
52,20180619,1
45,20180620,1
52,20180620,1
45,20180621,1
52,20180621,1
46,20180622,1
52,20180622,1
47,20180623,1
51,20180623,1
44,20180624,1
51,20180624,1
45,20180625,1
51,20180625,1
45,20180626,1
51,20180626,1
45,20180627,1
51,20180627,1
45,20180628,1
51,20180628,1
46,20180629,1
51,20180629,1
47,20180630,1
51,20180630,1
44,20180701,1
51,20180701,1
45,20180702,1
51,20180702,1
45,20180703,1
51,20180703,1
45,20180704,1
51,20180704,1
45,20180705,1
51,20180705,1
46,20180706,1
51,20180706,1
47,20180707,1
51,20180707,1
44,20180708,1
51,20180708,1
45,20180709,1
51,20180709,1
45,20180710,1
51,20180710,1
45,20180711,1
51,20180711,1
45,20180712,1
51,20180712,1
46,20180713,1
51,20180713,1
47,20180714,1
51,20180714,1
44,20180715,1
51,20180715,1
45,20180716,1
51,20180716,1
45,20180717,1
51,20180717,1
45,20180718,1
51,20180718,1
45,20180719,1
51,20180719,1
46,20180720,1
51,20180720,1
47,20180721,1
51,20180721,1
44,20180722,1
51,20180722,1
45,20180723,1
51,20180723,1
45,20180724,1
51,20180724,1
45,20180725,1
51,20180725,1
45,20180726,1
51,20180726,1
46,20180727,1
51,20180727,1
47,20180728,1
51,20180728,1
44,20180729,1
51,20180729,1
45,20180730,1
51,20180730,1
45,20180731,1
51,20180731,1
45,20180801,1
51,20180801,1
45,20180802,1
51,20180802,1
46,20180803,1
51,20180803,1
47,20180804,1
51,20180804,1
44,20180805,1
51,20180805,1
45,20180806,1
51,20180806,1
45,20180807,1
51,20180807,1
45,20180808,1
51,20180808,1
45,20180809,1
51,20180809,1
46,20180810,1
51,20180810,1
47,20180811,1
51,20180811,1
44,20180812,1
51,20180812,1
45,20180813,1
51,20180813,1
45,20180814,1
51,20180814,1
44,20180815,1
51,20180815,1
45,20180816,1
51,20180816,1
46,20180817,1
51,20180817,1
47,20180818,1
51,20180818,1
44,20180819,1
51,20180819,1
45,20180820,1
51,20180820,1
45,20180821,1
51,20180821,1
45,20180822,1
51,20180822,1
45,20180823,1
51,20180823,1
46,20180824,1
51,20180824,1
47,20180825,1
51,20180825,1
44,20180826,1
51,20180826,1
45,20180827,1
51,20180827,1
45,20180828,1
51,20180828,1
45,20180829,1
51,20180829,1
45,20180830,1
51,20180830,1
46,20180831,1
51,20180831,1
47,20180901,1
51,20180901,1
44,20180902,1
51,20180902,1
45,20180903,1
51,20180903,1
45,20180904,1
51,20180904,1
45,20180905,1
51,20180905,1
45,20180906,1
51,20180906,1
46,20180907,1
51,20180907,1
47,20180908,1
51,20180908,1
44,20180909,1
51,20180909,1
45,20180910,1
51,20180910,1
44,20180911,1
51,20180911,1
45,20180912,1
48,20180912,1
45,20180913,1
48,20180913,1
46,20180914,1
48,20180914,1
47,20180915,1
51,20180915,1
44,20180916,1
51,20180916,1
45,20180917,1
52,20180917,1
45,20180918,1
52,20180918,1
45,20180919,1
52,20180919,1
45,20180920,1
52,20180920,1
46,20180921,1
52,20180921,1
47,20180922,1
51,20180922,1
44,20180923,1
51,20180923,1
45,20180924,1
51,20180924,1
45,20180925,1
52,20180925,1
45,20180926,1
52,20180926,1
45,20180927,1
52,20180927,1
46,20180928,1
52,20180928,1
44,20180929,1
51,20180929,1
44,20180930,1
51,20180930,1
45,20181001,1
52,20181001,1
45,20181002,1
52,20181002,1
45,20181003,1
52,20181003,1
45,20181004,1
52,20181004,1
46,20181005,1
52,20181005,1
47,20181006,1
51,20181006,1
44,20181007,1
51,20181007,1
45,20181008,1
52,20181008,1
45,20181009,1
52,20181009,1
45,20181010,1
52,20181010,1
45,20181011,1
52,20181011,1
44,20181012,1
51,20181012,1
47,20181013,1
51,20181013,1
44,20181014,1
51,20181014,1
45,20181015,1
52,20181015,1
45,20181016,1
52,20181016,1
45,20181017,1
52,20181017,1
45,20181018,1
52,20181018,1
46,20181019,1
52,20181019,1
47,20181020,1
51,20181020,1
44,20181021,1
51,20181021,1
45,20181022,1
52,20181022,1
45,20181023,1
52,20181023,1
45,20181024,1
52,20181024,1
45,20181025,1
52,20181025,1
46,20181026,1
52,20181026,1
47,20181027,1
48,20181027,1
44,20181028,1
48,20181028,1
45,20181029,1
52,20181029,1
45,20181030,1
52,20181030,1
45,20181031,1
52,20181031,1
44,20181101,1
48,20181101,1
46,20181102,1
48,20181102,1
47,20181103,1
48,20181103,1
44,20181104,1
48,20181104,1
45,20181105,1
49,20181105,1
45,20181106,1
49,20181106,1
45,20181107,1
49,20181107,1
45,20181108,1
49,20181108,1
46,20181109,1
50,20181109,1
47,20181110,1
48,20181110,1
44,20181111,1
48,20181111,1
45,20181112,1
49,20181112,1
45,20181113,1
49,20181113,1
45,20181114,1
49,20181114,1
45,20181115,1
49,20181115,1
46,20181116,1
50,20181116,1
47,20181117,1
48,20181117,1
44,20181118,1
48,20181118,1
45,20181119,1
49,20181119,1
45,20181120,1
49,20181120,1
45,20181121,1
49,20181121,1
45,20181122,1
49,20181122,1
46,20181123,1
50,20181123,1
47,20181124,1
48,20181124,1
44,20181125,1
48,20181125,1
45,20181126,1
49,20181126,1
45,20181127,1
49,20181127,1
45,20181128,1
49,20181128,1
45,20181129,1
49,20181129,1
46,20181130,1
50,20181130,1
47,20181201,1
48,20181201,1
44,20181202,1
48,20181202,1
45,20181203,1
49,20181203,1
45,20181204,1
49,20181204,1
45,20181205,1
49,20181205,1
44,20181206,1
48,20181206,1
46,20181207,1
48,20181207,1
44,20181208,1
48,20181208,1
44,20181209,1
48,20181209,1
45,20181210,1
49,20181210,1
45,20181211,1
49,20181211,1
45,20181212,1
49,20181212,1
45,20181213,1
49,20181213,1
46,20181214,1
50,20181214,1
47,20181215,1
48,20181215,1
44,20181216,1
48,20181216,1
45,20181217,1
49,20181217,1
45,20181218,1
49,20181218,1
45,20181219,1
49,20181219,1
45,20181220,1
49,20181220,1
46,20181221,1
50,20181221,1
47,20181222,1
48,20181222,1
44,20181223,1
48,20181223,1
45,20181224,1
49,20181224,1
44,20181225,1
49,20181225,1
44,20181226,1
48,20181226,1
45,20181227,1
49,20181227,1
46,20181228,1
50,20181228,1
47,20181229,1
48,20181229,1
44,20181230,1
48,20181230,1
45,20181231,1
49,20181231,1
127,20190101,1
124,20190102,1
124,20190103,1
125,20190104,1
126,20190105,1
127,20190106,1
124,20190107,1
124,20190108,1
124,20190109,1
124,20190110,1
125,20190111,1
126,20190112,1
127,20190113,1
124,20190114,1
124,20190115,1
124,20190116,1
124,20190117,1
125,20190118,1
126,20190119,1
127,20190120,1
124,20190121,1
124,20190122,1
124,20190123,1
124,20190124,1
125,20190125,1
126,20190126,1
127,20190127,1
124,20190128,1
124,20190129,1
124,20190130,1
124,20190131,1
125,20190201,1
126,20190202,1
127,20190203,1
124,20190204,1
124,20190205,1
124,20190206,1
124,20190207,1
125,20190208,1
126,20190209,1
127,20190210,1
124,20190211,1
124,20190212,1
124,20190213,1
124,20190214,1
125,20190215,1
126,20190216,1
127,20190217,1
124,20190218,1
124,20190219,1
124,20190220,1
124,20190221,1
125,20190222,1
126,20190223,1
127,20190224,1
124,20190225,1
124,20190226,1
124,20190227,1
124,20190228,1
125,20190301,1
126,20190302,1
127,20190303,1
124,20190304,1
124,20190305,1
124,20190306,1
124,20190307,1
125,20190308,1
126,20190309,1
127,20190310,1
124,20190311,1
124,20190312,1
124,20190313,1
124,20190314,1
125,20190315,1
126,20190316,1
127,20190317,1
124,20190318,1
124,20190319,1
124,20190320,1
124,20190321,1
125,20190322,1
126,20190323,1
127,20190324,1
124,20190325,1
124,20190326,1
124,20190327,1
124,20190328,1
125,20190329,1
126,20190330,1
127,20190331,1
124,20190401,1
124,20190402,1
124,20190403,1
124,20190404,1
125,20190405,1
126,20190406,1
127,20190407,1
124,20190408,1
124,20190409,1
124,20190410,1
124,20190411,1
125,20190412,1
126,20190413,1
127,20190414,1
124,20190415,1
124,20190416,1
124,20190417,1
124,20190418,1
127,20190419,1
126,20190420,1
127,20190421,1
127,20190422,1
124,20190423,1
124,20190424,1
124,20190425,1
125,20190426,1
126,20190427,1
127,20190428,1
124,20190429,1
124,20190430,1
127,20190501,1
124,20190502,1
125,20190503,1
126,20190504,1
127,20190505,1
124,20190506,1
124,20190507,1
124,20190508,1
124,20190509,1
125,20190510,1
126,20190511,1
127,20190512,1
124,20190513,1
124,20190514,1
124,20190515,1
124,20190516,1
125,20190517,1
126,20190518,1
127,20190519,1
124,20190520,1
124,20190521,1
124,20190522,1
124,20190523,1
125,20190524,1
126,20190525,1
127,20190526,1
124,20190527,1
124,20190528,1
124,20190529,1
124,20190530,1
125,20190531,1
126,20190601,1
127,20190602,1
124,20190603,1
124,20190604,1
124,20190605,1
124,20190606,1
125,20190607,1
126,20190608,1
127,20190609,1
124,20190610,1
124,20190611,1
124,20190612,1
124,20190613,1
125,20190614,1
126,20190615,1
127,20190616,1
124,20190617,1
124,20190618,1
124,20190619,1
124,20190620,1
125,20190621,1
126,20190622,1
127,20190623,1
127,20190624,1
124,20190625,1
124,20190626,1
124,20190627,1
125,20190628,1
126,20190629,1
127,20190630,1
124,20190701,1
124,20190702,1
124,20190703,1
124,20190704,1
125,20190705,1
126,20190706,1
127,20190707,1
124,20190708,1
124,20190709,1
124,20190710,1
124,20190711,1
125,20190712,1
126,20190713,1
127,20190714,1
124,20190715,1
124,20190716,1
124,20190717,1
124,20190718,1
125,20190719,1
126,20190720,1
127,20190721,1
124,20190722,1
124,20190723,1
124,20190724,1
124,20190725,1
125,20190726,1
126,20190727,1
127,20190728,1
124,20190729,1
124,20190730,1
124,20190731,1
124,20190801,1
125,20190802,1
126,20190803,1
127,20190804,1
124,20190805,1
124,20190806,1
124,20190807,1
124,20190808,1
125,20190809,1
126,20190810,1
127,20190811,1
124,20190812,1
124,20190813,1
124,20190814,1
127,20190815,1
125,20190816,1
126,20190817,1
127,20190818,1
124,20190819,1
124,20190820,1
124,20190821,1
124,20190822,1
125,20190823,1
126,20190824,1
127,20190825,1
124,20190826,1
124,20190827,1
124,20190828,1
124,20190829,1
125,20190830,1
126,20190831,1
127,20190901,1
124,20190902,1
124,20190903,1
124,20190904,1
124,20190905,1
125,20190906,1
126,20190907,1
127,20190908,1
124,20190909,1
124,20190910,1
127,20190911,1
124,20190912,1
125,20190913,1
126,20190914,1
127,20190915,1
124,20190916,1
124,20190917,1
124,20190918,1
124,20190919,1
125,20190920,1
126,20190921,1
127,20190922,1
124,20190923,1
124,20190924,1
124,20190925,1
124,20190926,1
125,20190927,1
126,20190928,1
127,20190929,1
127,20190930,1
124,20191001,1
124,20191002,1
124,20191003,1
125,20191004,1
126,20191005,1
127,20191006,1
124,20191007,1
124,20191008,1
124,20191009,1
124,20191010,1
125,20191011,1
126,20191012,1
127,20191013,1
124,20191014,1
124,20191015,1
124,20191016,1
124,20191017,1
125,20191018,1
126,20191019,1
127,20191020,1
124,20191021,1
124,20191022,1
124,20191023,1
124,20191024,1
125,20191025,1
126,20191026,1
127,20191027,1
124,20191028,1
124,20191029,1
124,20191030,1
124,20191031,1
127,20191101,1
126,20191102,1
127,20191103,1
124,20191104,1
124,20191105,1
124,20191106,1
124,20191107,1
125,20191108,1
126,20191109,1
127,20191110,1
124,20191111,1
124,20191112,1
124,20191113,1
124,20191114,1
125,20191115,1
126,20191116,1
127,20191117,1
124,20191118,1
124,20191119,1
124,20191120,1
124,20191121,1
125,20191122,1
126,20191123,1
127,20191124,1
124,20191125,1
124,20191126,1
124,20191127,1
124,20191128,1
125,20191129,1
126,20191130,1
127,20191201,1
124,20191202,1
124,20191203,1
124,20191204,1
124,20191205,1
127,20191206,1
126,20191207,1
127,20191208,1
124,20191209,1
124,20191210,1
124,20191211,1
124,20191212,1
125,20191213,1
126,20191214,1
127,20191215,1
124,20191216,1
124,20191217,1
124,20191218,1
124,20191219,1
125,20191220,1
126,20191221,1
127,20191222,1
124,20191223,1
124,20191224,1
127,20191225,1
127,20191226,1
125,20191227,1
126,20191228,1
127,20191229,1
124,20191230,1
124,20191231,1
